0 0
841 812
812 814
841 901
901 807
807 590
590 528
814 881
881 882
882 758
758 759
759 697
697 638
638 576
576 608
608 579
608 732
576 481
481 449
449 418
418 357
449 478
478 508
508 507
478 541
507 443
443 382
382 352
357 361
357 234
234 111
111 47
47 77
77 106
106 137
106 73
882 947
947 917
732 737
111 148
148 179
528 312
312 282
282 220
220 65
179 307
148 60
737 739
739 681
681 587
739 956
0 0
841 812
812 814
841 839
839 901
839 807
807 590
590 528
814 881
881 882
882 758
758 759
759 697
697 638
638 576
576 608
608 579
608 732
576 481
481 449
449 418
418 357
449 478
478 508
508 507
478 541
507 443
443 382
382 352
357 361
357 234
234 111
111 47
47 77
77 106
106 137
106 73
882 947
947 917
732 737
111 148
148 179
528 312
312 282
282 220
220 65
179 307
148 60
737 739
739 681
681 587
739 956
0 0
841 812
812 814
841 839
839 901
839 807
807 590
590 528
814 881
881 882
882 758
758 759
759 697
697 638
638 576
576 608
608 579
608 732
576 481
481 449
449 418
418 357
449 478
478 508
508 507
478 541
507 443
443 382
382 352
357 361
357 234
234 111
111 47
47 77
77 75
75 106
106 137
75 73
882 947
947 917
732 737
111 148
148 179
528 312
312 282
282 220
220 65
179 307
148 60
737 739
739 681
681 587
739 956
0 0
841 812
812 814
841 839
839 901
839 807
807 590
590 528
814 881
881 882
882 758
758 759
759 697
697 638
638 576
576 608
608 579
608 732
576 481
481 449
449 418
418 357
449 478
478 508
508 507
478 541
507 443
443 382
382 352
357 361
357 234
234 111
111 78
78 47
78 77
77 75
75 106
106 137
75 73
882 947
947 917
732 737
111 148
148 179
528 312
312 282
282 220
220 65
179 307
148 60
737 739
739 681
681 587
739 956
0 0
841 812
812 814
841 839
839 901
839 807
807 590
590 528
814 881
881 882
882 758
758 759
759 697
697 638
638 576
576 608
608 579
608 732
576 481
481 449
449 418
418 357
449 478
478 508
508 507
478 541
507 443
443 382
382 352
357 361
357 234
234 110
110 111
110 78
78 47
78 77
77 75
75 106
106 137
75 73
882 947
947 917
732 737
111 148
148 179
528 312
312 282
282 220
220 65
179 307
148 60
737 739
739 681
681 587
739 956
0 0
841 812
812 814
841 839
839 901
839 807
807 590
590 528
814 881
881 882
882 758
758 759
759 697
697 638
638 576
576 608
608 579
608 732
576 481
481 449
449 418
418 357
449 478
478 508
508 507
478 541
507 443
443 382
382 352
357 361
357 234
234 110
110 111
110 78
78 47
78 77
77 75
75 106
106 137
75 73
882 947
947 917
732 737
111 117
117 148
148 179
528 312
312 282
282 220
220 65
179 307
117 60
737 739
739 681
681 587
739 956
0 0
841 812
812 814
841 839
839 901
839 807
807 590
590 528
814 881
881 882
882 758
758 759
759 697
697 638
638 576
576 608
608 579
608 732
576 481
481 449
449 418
418 357
449 478
478 508
508 507
478 541
507 443
443 382
382 352
357 358
358 361
358 234
234 110
110 111
110 78
78 47
78 77
77 75
75 106
106 137
75 73
882 947
947 917
732 737
111 117
117 148
148 179
528 312
312 282
282 220
220 65
179 307
117 60
737 739
739 681
681 587
739 956
0 0
841 812
812 814
841 839
839 901
839 807
807 590
590 528
814 881
881 882
882 758
758 759
759 697
697 638
638 576
576 608
608 579
608 732
576 481
481 449
449 418
418 357
449 478
478 508
508 507
478 541
507 444
444 443
444 382
382 352
357 358
358 361
358 234
234 110
110 111
110 78
78 47
78 77
77 75
75 106
106 137
75 73
882 947
947 917
732 737
111 117
117 148
148 179
528 312
312 282
282 220
220 65
179 307
117 60
737 739
739 681
681 587
739 956
0 0
841 812
812 814
841 839
839 901
839 807
807 590
590 528
814 881
881 882
882 758
758 759
759 697
697 638
638 576
576 608
608 579
608 732
576 481
481 449
449 418
418 357
449 479
479 478
478 508
508 507
479 541
507 444
444 443
444 382
382 352
357 358
358 361
358 234
234 110
110 111
110 78
78 47
78 77
77 75
75 106
106 137
75 73
882 947
947 917
732 737
111 117
117 148
148 179
528 312
312 282
282 220
220 65
179 307
117 60
737 739
739 681
681 587
739 956
0 0
841 812
812 814
841 839
839 901
839 807
807 590
590 528
814 881
881 882
882 758
758 759
759 697
697 638
638 576
576 608
608 579
608 732
576 481
481 480
480 449
449 418
418 357
480 479
479 478
478 508
508 507
479 541
507 444
444 443
444 382
382 352
357 358
358 361
358 234
234 110
110 111
110 78
78 47
78 77
77 75
75 106
106 137
75 73
882 947
947 917
732 737
111 117
117 148
148 179
528 312
312 282
282 220
220 65
179 307
117 60
737 739
739 681
681 587
739 956
0 0
841 812
812 814
841 839
839 901
839 807
807 590
590 528
814 881
881 882
882 758
758 759
759 697
697 638
638 576
576 577
577 608
577 579
608 732
576 481
481 480
480 449
449 418
418 357
480 479
479 478
478 508
508 507
479 541
507 444
444 443
444 382
382 352
357 358
358 361
358 234
234 110
110 111
110 78
78 47
78 77
77 75
75 106
106 137
75 73
882 947
947 917
732 737
111 117
117 148
148 179
528 312
312 282
282 220
220 65
179 307
117 60
737 739
739 681
681 587
739 956
0 0
841 812
812 814
841 839
839 901
839 807
807 590
590 528
814 881
881 882
882 758
758 759
759 697
697 638
638 576
576 577
577 608
577 579
608 732
576 481
481 480
480 449
449 418
418 357
480 479
479 478
478 508
508 507
479 541
507 444
444 443
444 382
382 352
357 358
358 361
358 234
234 110
110 111
110 78
78 47
78 77
77 75
75 106
106 137
75 73
882 947
947 917
732 737
111 117
117 148
148 179
528 312
312 282
282 220
220 65
179 307
117 60
737 739
739 680
680 681
680 587
739 956
0 0
841 812
812 814
841 839
839 901
839 807
807 590
590 528
814 881
881 882
882 758
758 759
759 697
697 638
638 576
576 577
577 608
577 579
608 732
576 481
481 480
480 449
449 418
418 357
480 479
479 478
478 508
508 507
479 541
507 444
444 443
444 382
382 352
357 358
358 361
358 234
234 110
110 111
110 78
78 47
78 77
77 75
75 106
106 137
75 73
882 916
916 947
916 917
732 737
111 117
117 148
148 179
528 312
312 282
282 220
220 65
179 307
117 60
737 739
739 680
680 681
680 587
739 956
